1376256
1376258
1343494
688141
1540110
393232
1540119
950308
950313
32811
98349
983086
1572912
884796
753726
852034
294982
1179719
1146954
294990
1572947
1572951
360537
1540186
426075
229469
196702
688226
1146979
229479
1540209
1540211
1572982
721020
1092288
1147010
1573001
131218
1278105
1015970
983203
1114282
1245355
1507503
1507504
393401
819388
491709
1212606
1507519
1048770
622787
590022
819399
983240
1507532
1212622
1540303
164053
342622
1474782
1114348
1507570
327934
1376515
1442052
1540358
136577
731863
164109
1147155
1540376
1573150
917791
1573158
393517
1573169
1507638
895712
360772
885063
1147216
1248264
1573210
852321
1201346
622958
994024
1572926
131458
1507719
305900
1540492
1507725
164239
65940
666350
1540507
1573281
488840
1343907
1114534
983467
1278382
786872
688575
1573313
229830
950728
917963
262604
590291
655830
328151
1376728
284068
590298
131548
229853
950750
229859
983524
328165
885222
1114602
1507822
1507829
688633
590330
1114620
950781
1573376
721414
393735
1573386
1475083
1573398
1507864
1004975
1114652
492061
366000
1573424
1540666
1212987
590396
426559
492097
1507908
1016390
1311312
1540689
623186
262749
76560
1081957
229999
1016434
1125139
1573495
1512895
1507964
754304
1016463
492179
230036
1540759
1311386
1540768
983715
1573542
393898
1540779
1508015
1508017
1540789
91678
1508035
983754
1573582
1573585
197330
262868
1540821
623322
819941
1082086
1114855
983784
983793
295666
1573622
1573628
1573630
656127
1573635
459528
185815
983822
923096
262935
230168
197403
1311516
852765
1082142
852767
1213217
230181
1016616
230186
1573682
361279
1508160
230214
1037793
1114953
1573712
1540958
1180512
656231
623464
87527
1016685
1540980
1272638
420671
1508220
525181
1115016
885649
361363
1147800
131994
1508255
852900
1409966
164787
1573819
1573823
230344
1344462
1541071
22008
1049566
558054
1508328
197609
157156
1573872
1573875
459766
525303
1246203
1573886
1163435
1410052
230407
263181
197652
33821
721966
1508400
1508407
1377338
721980
1573952
317555
394312
1541193
951370
1086989
656464
853074
787540
1344600
1246300
1508449
1573995
1410160
1508467
656500
1541237
1541238
1562132
918652
1311876
427141
1491137
1541267
1148052
1541277
1541280
1541284
1541289
1541294
338803
263352
1508540
296125
394430
951487
1163467
818388
1246408
524492
1574094
787664
459985
296148
525529
1115361
1541352
1574122
263408
1017073
984323
1475849
1148170
1115415
1541400
579119
1574173
1541407
1541408
1574178
1508650
1508651
492845
1443119
1377592
644660
460093
230720
1508675
525644
1312081
1574230
689495
492888
886110
1272720
1508711
1017194
1017197
263538
34169
460155
245994
263553
1115522
1181068
1574292
165270
263579
1118456
1050020
984487
1082797
1574319
628296
1498170
165301
1050044
1082827
34252
1181133
329170
1050068
1562190
329176
628303
1541600
1148387
1541614
689648
263666
984568
34299
1443329
787973
165382
263693
263694
1148434
1556739
1541653
820758
296471
722456
1573124
1541658
1566
1508916
689718
1574460
1574462
886335
689732
689737
1508938
984655
338874
1541727
1508960
1574503
984694
1508985
624250
1666
624260
853638
820871
1509009
1050259
558740
1541785
820890
1574557
1541791
1541801
1050285
820914
1083059
1443508
1574582
362174
1377991
984776
722636
263891
362201
1541853
1083109
1571286
1574638
132856
165633
1541897
1574676
1181463
1247001
1476379
1017632
1345323
1541937
1574707
755512
34625
165701
1574727
165704
1509194
1312588
1247055
1541969
460626
1574747
624476
1509214
1541991
1312622
755568
1378161
526196
132981
526200
1050489
919425
1116037
956055
1574802
231321
1059823
526239
591782
1247143
1574833
395186
1497096
1378235
624573
100296
1509324
1050575
100305
821202
1574867
985046
1247193
755675
33104
1017838
1534973
1279986
165875
1017844
1574902
985079
1509368
1574907
1542141
1476613
296971
1443854
1542159
1509395
591898
1509403
661168
1387529
1148991
657474
1574984
1509449
1542219
821324
657486
1542229
1509462
1509463
133217
1214574
1345647
1575026
690295
1476735
297088
1542284
1083533
395408
231569
863257
1575068
1509534
1509540
972486
1575085
717307
723122
788665
1575101
1382091
1575108
1575110
1542347
1509582
985296
1542361
1280227
329959
1509610
919789
166129
1575155
526582
1561484
1509644
1542414
1116439
1247517
1575199
1050916
493862
1542441
1509674
344456
1542451
493894
328077
1214805
1444186
1575264
1313123
1444203
1575277
1509742
1182064
854386
164244
35196
1018238
1542529
35202
2435
788869
1542536
1516752
2447
297387
723372
1313199
1542577
481012
821690
1575356
199101
1542591
1542595
330181
1575366
191564
625098
199120
1542611
231907
1542633
1575408
592371
821753
1575418
1542651
592380
723456
1116679
1575432
1509900
1051153
723477
1247767
1575448
1509913
1509922
1509925
68136
985649
166450
68152
625216
723521
1575490
723539
1083993
625248
821860
887397
232038
854631
756329
1346156
1116782
494191
854642
133747
1575543
232056
1562389
952964
1542789
363142
876267
1444496
1575569
1575573
1575575
1313440
1542817
1575591
527018
232108
1510061
1542831
1215160
428730
1562400
232130
1130955
789188
461522
1051347
1411798
1575643
232157
1524176
1542885
625383
1542890
1510126
199410
559864
1051390
1575687
1578796
101132
199438
1283885
1477393
232211
1234734
166680
1149721
985883
232228
559911
1051432
953139
1510196
623070
297788
1575742
1365813
527170
1346372
1346373
527179
1411916
1117009
1575767
396122
1379163
1472817
1444706
461667
1411940
1575781
1575784
592745
1575802
236873
1543044
2951
691086
1510294
1051544
1543066
634010
1543070
461731
1149864
1575849
1543082
1543093
1065460
461754
1510335
3015
1240226
1444815
1051600
494552
1379289
134112
855012
68582
328188
723947
1575917
1543154
1412083
953332
887798
1510397
1117185
494599
1543176
1379337
134155
1510413
1149968
560149
1117211
1575965
232479
527394
1540614
986154
1211258
1575982
789553
35895
1575998
1442315
1018955
724045
592979
1084506
855132
1576029
986206
789602
1018983
855151
1576050
1510515
1543285
265340
396414
1346687
1322176
1524246
920714
527499
1543311
1573400
1576082
1576087
1576093
199840
134307
1152881
986288
986293
199863
822459
953536
363713
213537
1283959
1510607
625873
232663
104314
1019107
855269
849009
691434
1543403
1543406
1379570
1502419
888056
1019130
1510657
220519
1576206
953623
1543451
1084701
953631
463842
1084712
868914
658734
1379632
939912
789814
1576248
1019194
1543484
1005450
68929
1346882
1084739
1379654
650465
658760
1477966
1477972
1215829
1084759
757082
1333135
1117532
1576288
1445217
1183075
855396
691558
527719
3444
1183096
1546133
593280
1576324
298374
634093
167312
560529
527762
626067
1346965
396699
1576348
1183138
1543587
822692
69029
626087
1543600
1543602
1052083
331194
1117627
535797
1117635
142582
888264
757194
462285
265683
1052116
1543638
429528
1543641
232922
1510875
1543645
1576417
1117666
888298
560620
1576429
658928
658930
1019379
462327
1543676
1543681
1019401
1518851
953882
593436
232989
1379870
331296
658979
888356
1084966
1543720
1338631
1183276
1543725
790066
560699
1214549
757313
986691
1510984
1314383
1576534
1511000
1543774
1573477
1379936
1543789
1511022
1511028
1117813
1511035
1052290
1576580
790149
1379977
1576592
659092
1543830
1085080
1511065
822938
983663
1576604
1412767
233132
1573490
956360
1511093
298678
593591
1511096
246388
954042
1117884
1576641
265924
1576649
33399
462540
593616
429791
888548
790246
989137
1131132
495338
1314544
1183477
1511158
1314551
1511162
1412862
855815
1216264
1117961
462602
1543954
1543956
1576728
1380122
1314592
823075
1543972
724774
298795
233260
36663
1118009
1511228
1052477
1544000
1544004
921415
397133
1511248
1196686
1347419
1052509
1380197
1544039
561002
1544052
790394
1183614
364417
1576836
823183
1511316
1544085
200600
692124
200609
1576869
1576877
1576881
1511350
1546228
1511355
1576899
626636
528334
823247
1544151
1576920
1275666
1544159
954338
1118182
1150951
421202
659441
773747
1568084
1511426
1511429
331782
1183752
1413133
266254
954389
1511452
626717
36894
1052705
1118250
593964
167985
954422
462907
1085504
266305
1249347
1577029
1052747
1577040
823377
200793
694287
233565
594015
1544291
1216615
1085545
888946
268307
1183864
1544313
1544319
266370
725123
1052806
4231
1347721
266379
1577100
757902
1544336
1577105
1511571
1577112
757916
1529882
790686
495776
1544353
266402
88091
1314983
1544361
1544363
528565
659640
135355
364734
817399
725184
1577155
1380548
987337
1085644
1183949
1085650
725204
1511637
987350
233692
1052896
323001
626916
907302
1183979
1311442
856302
1577201
224638
692472
1544442
889084
1577215
987392
266498
561414
856335
1511699
1511702
200984
790813
1577251
1577254
1151271
233770
37179
1544509
1577278
1502603
1577289
790858
954699
1544532
1577302
945552
1020261
1120316
168298
627051
1053040
495988
659829
364918
1020290
1511811
1551767
1544593
1511828
1511830
1544600
1544604
1151393
1020326
1524459
1380792
528826
1511870
1380802
1118660
1511885
233934
1282513
1184223
1216993
1387942
1380841
1544684
987640
496123
1118717
1085950
659967
102919
299529
1577486
208301
1315359
4641
1053220
332326
1544743
1053241
1315386
1184316
1577536
1184323
1577542
1544775
397898
70220
70222
660054
397911
1577563
1544796
1577573
365164
1184366
1315447
103037
1577600
683456
299655
594570
1544846
1512081
856722
922259
1497198
627351
70297
1577626
235631
889500
1544864
1217187
1577647
1577651
1512117
1217207
660155
496318
1577663
1315521
660170
1512140
725709
266959
1544915
922330
758492
1544925
299743
1118946
103140
1544934
1544936
266991
1311528
791283
856822
1544951
70395
299772
234237
1174997
791299
267015
1544969
159191
1512212
529175
365336
1151771
856860
1544990
915621
430883
1577764
37670
824105
907399
496434
365364
1577788
1512254
1119042
201547
791372
1413965
1119066
430943
758626
1512291
725865
1545072
1545074
889715
1217400
1282937
1377087
1446780
955263
693128
1577868
1577870
1119121
1577878
1577880
1184665
1184670
103330
791460
1512357
1535473
463785
1381290
463793
1381303
1512376
1479609
1545147
1545150
1512387
5063
1512392
1184729
693214
37856
365538
463848
1545194
1119213
922609
1545202
1497257
627705
136186
136191
1545221
1250316
234511
1512465
1545234
1551875
37908
889883
103452
660510
1545247
1512484
693292
1578031
791603
1573726
1512520
365641
791626
1545291
988241
1512533
70742
1545308
1512543
693348
1545319
889962
267371
1508200
1089122
1512570
1512584
1021074
201877
890008
595099
1381533
464038
1447080
693419
693420
365747
234678
464063
1348802
1381571
1414348
1512663
1545432
857307
1250527
1021156
300267
1185009
857330
1545459
988404
988406
857337
136444
1545482
267533
922897
1119511
464156
562463
1545504
1545509
1152296
1086775
1545533
693566
693568
1512769
922949
890184
1217868
333136
1502776
1185108
1545558
912953
693592
1512793
595291
202078
1491857
1283432
1535548
955759
1545591
1119613
1545601
234883
824712
1512843
1512848
759191
300440
1545634
1545635
234923
1185196
1578414
1512880
366006
1283519
1054147
202190
1545680
103891
1502798
1152472
1524495
1545697
340619
1545701
1545702
234984
1054185
234988
1545709
628213
300534
1349112
5628
841984
1545731
1283588
529925
1152519
1250827
202253
1054222
1119764
557998
431639
1283609
1545755
857628
857629
1551963
1513000
366125
595502
1054256
1316401
1104137
1545784
1250875
1578560
180226
923203
1545800
1185353
421474
857679
1545811
1578581
792154
693866
300661
1545850
628347
726652
1545856
1545860
1578631
1021578
267916
530063
1513105
890514
235156
661143
726689
1545897
1513132
1545904
197576
1513138
923321
136890
556670
1378291
628420
235206
1076855
300748
399059
1513172
492494
1545943
590799
1218270
956127
1185509
1545963
1545965
923378
1545979
235262
792330
759563
701793
1578770
596270
1546009
333599
1578787
1382182
1251111
235305
694058
857900
1546029
1349424
333620
562997
923446
857911
1349432
1520142
202555
726844
1546047
235328
1382210
1152838
268104
1578825
1513290
1349452
268114
1546067
137045
694102
1546071
792408
956249
1082600
1513310
1546097
1382262
1546103
1513337
1546106
1152892
1513347
563077
726932
1021845
792473
202654
1120160
1513384
1546155
1513388
530351
890802
1278963
1546164
137143
405151
1251260
530376
1120208
1513425
585383
137197
137200
454312
1382388
890880
1087494
563212
1546254
530447
890897
197635
235547
530468
792615
66567
858156
1480756
563253
1513527
825402
858172
792637
1218626
235589
1022028
1065998
923735
628827
792671
1513568
563297
1142459
694376
104556
1546351
1120375
1415293
1513609
1218705
1546401
235684
1349804
1349807
202930
235699
235706
1448124
1546432
923850
1492004
1120484
563431
1546483
1546484
301304
465146
989567
1546503
1153289
1349898
694541
1513749
956695
858395
1382686
858400
1513763
1513765
1546542
104755
1513781
1153334
432459
1055053
1513808
825682
694670
1541178
1546592
39266
1284452
1546600
792943
268657
1546614
1481087
1022336
596366
39311
1513873
1513880
1546652
1284511
1087907
334251
367020
1546678
629180
1546686
1546689
1531075
727498
1546701
530903
1513945
1541200
236007
1115218
399855
1087989
438015
1546750
530946
973227
1546757
1191681
989707
268817
858645
465432
825882
825883
956957
306830
924198
1180764
727595
1153582
1546802
1186363
72254
531008
1284673
1546818
1153604
105031
39508
1350243
6762
1546859
1383025
1130636
1514101
399809
694925
1022612
1546903
1284768
236202
268975
1514163
37326
1350329
1284808
1514188
104909
858834
694998
1514204
1383140
957158
891624
170730
1546988
1055477
203521
1388331
6930
629524
1547040
760612
269097
1547050
1060658
1284914
629555
362487
208638
596809
367434
236363
1481552
1219417
367460
465767
1514344
72557
1022832
269171
1514363
1186693
269194
236429
236431
1186704
236442
39836
596893
1547169
236451
1552198
1514407
498602
1547181
1574045
1383348
269237
225097
990136
1547197
1416134
1514441
1547216
367571
1514452
1547223
367579
1252320
388945
72190
1514491
1383425
1448963
1514504
1219596
1317903
465938
1514515
1514539
891949
859187
1023033
236602
1088579
302148
728134
662603
1285197
1154134
143206
498792
7281
302201
400509
1514625
7299
367757
1547406
498842
498843
1563163
597159
597169
564402
957621
826554
1187009
1514693
1219783
662728
1252555
1154253
1187023
1547482
171232
302311
580135
1121516
236786
1514742
1514025
957688
1514745
7418
7422
564484
1088775
630028
612909
564496
334382
1574105
564510
1547553
236846
1519496
630066
1318197
1219896
302394
990524
793919
40257
1121602
892229
1547592
1547593
1547601
1547614
1547620
793959
1482091
793964
1383790
662896
1219953
1514866
1514868
1219958
138631
302472
1514895
892310
1120836
531866
1416605
1547679
1311984
105891
1154469
204198
1547690
957876
400837
695750
105927
695754
1191842
1547727
1187285
1121756
695775
859617
302565
1547755
1187308
1547758
957939
1187318
782249
1121789
1547774
400904
1344771
466459
990750
1519537
957992
1552306
1318450
1515059
368183
1547840
826946
1482307
208822
958024
1547849
40522
1121869
761422
1547856
793187
990808
826975
1515106
106084
1416806
630377
1515127
1023609
269947
859772
368255
647300
1547915
499342
701644
1547927
1187485
663210
176071
563826
1515182
958128
564923
1220295
1154761
433866
532172
1285837
568091
958165
1384151
1122009
499422
1023713
1548015
1318641
1056500
1187577
139006
794368
1253122
106266
1548067
335654
1384244
958261
565048
476468
827204
1023813
1187659
1548114
749540
1548132
892774
1122156
1548142
368505
1548157
1122182
1515399
1253256
696203
401296
1154963
1515412
1548184
1548189
1318815
630688
761763
1269254
312647
991153
421875
270260
569840
1089464
1482681
565180
1023935
1548226
630725
1187789
684026
368610
1515493
1318886
1515497
172015
401394
1384435
1515509
1563305
1515515
531114
1548290
303109
991250
565273
106535
663593
8235
1043395
598079
1546937
1122399
335974
73832
1197415
1515647
1024131
270468
303241
532630
850268
336037
1515691
958644
455280
532669
1548479
630976
1548489
1548493
434382
467152
663762
598231
729304
1417435
336093
1253604
532712
1548522
794862
696568
1515770
729339
61483
1515785
106768
514777
1188120
1417498
237855
1548583
74027
631084
1515832
860473
875231
958780
926014
631103
1057089
1155399
532815
336213
716857
696665
1515870
729439
1155432
1548650
565623
1188218
156317
205187
663941
958861
631183
8592
827794
1548694
1548698
1122715
336284
762271
598438
1515945
598449
303547
1548732
41408
1319366
1515979
664012
795089
935331
926164
1541540
1483235
1548774
1548776
664041
8686
631284
532983
238073
1516026
1155579
1122817
1516037
1516049
1450514
1057302
991778
303652
1502777
1417768
1516073
1548844
172592
1385009
1090104
631354
238140
172608
1548865
696898
1548868
959047
1221195
1516108
41549
1516122
696923
1312188
1221226
727826
1385070
74356
1121044
762490
8827
434818
1548933
1352332
270989
959118
1519725
1057426
1155733
1548950
467615
1548971
1352367
8883
1123001
1024705
631490
1159286
205510
1516241
1549014
271063
565978
1549023
1574354
1516271
1516274
598772
172801
664328
1549069
1549072
992023
1516317
1123102
1188642
1385251
959270
1549097
860970
1503367
1418032
613515
1533338
1516362
498487
1123148
828238
271208
1188713
369525
1516416
74625
1123212
1221522
1516435
1516436
1319833
1549213
1057695
1549222
1279474
205742
1188783
598960
1188787
1516474
730043
1516481
1090499
861130
238545
959446
1450970
1450971
1549278
1516518
336871
271347
402423
730110
1549312
569515
336902
1549323
1525250
1516559
1516560
1025042
143534
1516575
730148
1418278
1221677
238638
336943
483679
1483828
992309
599094
1516606
777057
140360
992330
1287245
1549390
861267
1317732
173156
468074
500857
1516674
1549450
1541655
1530734
1189019
304286
369828
1221799
1090728
206000
238772
631989
1025209
599233
684235
435396
206026
435405
1090766
1221840
894164
1058008
1549535
238816
1549539
1549541
1549542
1549543
435432
1516778
271596
1549549
1418483
1549557
173303
1549561
1484026
1549566
1549567
1221890
894212
1549581
1385744
1385751
1385756
1552602
369967
1418549
1028320
1385796
566598
75089
1536227
1090907
1516893
763238
1516905
1385839
730480
533876
337271
1222016
1090947
1549700
1320325
1090969
1516961
1516972
468397
730545
927156
1549756
1091006
1549765
730569
1517005
894415
1514403
1517023
1549799
1222121
239083
1517040
173560
1156607
1549826
1517062
1418759
140812
599582
730655
894499
1058345
665132
468527
42544
973747
1025588
599608
842676
697917
1222206
730687
992834
1123909
1517128
1386058
763470
1304830
1416120
1091154
1025621
1549910
730713
829019
861789
992862
1549919
435813
1386087
566894
1025653
1549943
271995
1517180
173697
1484427
1123980
730769
1222290
1222297
534172
75422
1517224
1550013
1099381
698055
304845
1550040
1124059
272095
1517282
1058531
1386219
796400
304881
1517304
501502
1517317
239368
1530840
1550104
403225
468765
1156894
181893
1550114
1156899
1517352
1156905
468779
1550126
829234
1517364
894776
1550140
897334
632646
599880
1222475
1517388
1091412
1091414
1058647
1419096
1517414
160060
698219
1550188
1484662
1025912
1550203
763774
698252
927631
731033
960410
1386396
1394330
1550243
1550244
1550248
1288113
220147
1550260
1550261
894910
1255362
1320900
436166
305099
1550289
272338
960467
468948
763863
1536335
1288156
1419235
1091556
501737
1026028
1517562
272386
174087
1517577
1058828
1386509
501777
632853
1530884
403487
1058854
1222700
1419309
1550382
1503581
891912
1517620
1061214
684383
862268
993345
1550404
632903
1550410
10317
1353816
874339
1550428
1353821
1536358
1498130
338032
1190004
1517686
1517698
1157253
239750
895112
1255562
1550487
1386648
1419420
1157280
1550497
665763
968390
338088
1288361
895148
1321143
1157304
305337
993466
338108
731326
1091786
1550541
1550542
469201
1452242
75993
1288410
29050
862430
1026271
764132
338150
534759
239853
1157359
1288435
1517812
1190133
10486
370936
1550592
1550593
829699
993541
1487233
698641
526041
534810
796955
1124638
141599
1124650
1517870
1104949
1091908
305481
1517898
1222987
1517900
1091918
1517906
1190228
1517909
895322
1157469
1419617
1190246
1517928
1502839
960876
371053
76147
1124729
108922
1517948
960898
1550746
960927
567714
1550756
1547334
1026473
1550765
1124782
895408
764342
76221
1550783
1452480
141761
1518021
1536417
338382
1023053
469458
371155
1288660
797154
1518058
535019
1550838
1223159
1223160
1190399
1288704
1323436
436746
436761
1578133
1026597
1550886
371240
291250
698930
1026616
1387071
1550918
1550920
993875
1124958
881083
273004
371311
1518192
1550961
764530
1518196
10869
1223289
1137770
1321602
411414
1059468
699023
797332
941166
1092247
1077701
1518243
469669
10919
633514
600751
600756
240309
1551034
10939
1157822
1551040
1551055
830160
1419991
895705
1518298
666336
1518306
43747
305896
830187
600812
568045
1551086
1551087
240373
436985
961276
1551101
404224
109321
437007
1551120
437011
207643
207645
961310
502561
633654
469818
633664
240451
43844
1059657
207692
269453
1551193
1518427
699231
221869
928616
1518444
600947
1354615
1551225
1256318
928644
1321861
174982
764807
1551246
1551255
1551259
1383578
600993
1059746
1158054
764851
240565
895927
535482
1017674
764875
1092558
371665
1518550
1518555
1158108
895969
1518563
732132
469989
1525585
601066
1518572
1518575
207864
240636
1125375
1563819
797705
961547
928787
1092629
994327
1059864
568345
470045
633893
1518634
633902
1551407
109619
1485884
797759
1223752
1027145
1551435
1551437
437328
1498296
1551442
1551445
1518679
1551451
400570
1027171
863334
1354857
994413
1470996
1158267
1551486
1518726
1256595
76951
404634
1092789
339130
863420
1518781
1125566
1518784
1551556
258593
568522
1518798
1551573
1083257
928993
62577
1322221
1158386
1551605
208118
1536553
1420541
1551617
650697
535811
1503788
732436
1387797
306454
1340292
1322267
666909
797991
535858
1551671
1387837
929087
208193
470339
1498337
1322314
470350
1551697
798036
1518950
961895
1092968
1559612
994672
1551736
77179
1518973
732542
1256833
1125764
1453449
44427
339343
994709
1387927
961946
830882
830886
1519016
1420715
1355181
1519029
306614
339390
798146
503243
1514744
1125843
830934
634340
798182
175599
929270
830970
372224
1093123
732677
1519112
699913
1519118
994832
863766
1191447
601630
798245
142893
241198
1551925
962110
1519169
929349
667206
1551946
863827
1224283
1551964
536160
1551972
175719
1125997
1551984
568949
554690
306809
732802
83906
1224334
1519251
1519254
1453725
1552031
1063158
945316
44712
536233
291442
798382
1126063
143025
503479
1126072
503487
634566
537207
1525712
208610
569059
995046
634600
929514
831215
110323
995070
1257215
372480
1486593
1519372
601874
1215920
241432
1355546
427995
1158950
1553031
1329117
864049
1552178
306997
1525727
274243
1519430
143175
995144
1552204
372559
1093466
1519452
1519454
12132
1322853
667494
1536657
569194
62098
77686
1552249
765823
274304
569219
372614
634760
569227
634772
1519513
667547
470943
667552
1558512
1093538
455325
208817
1519538
1290163
1159094
1416521
1574900
44989
1191870
1563979
193185
110536
176073
493559
1028055
1060825
77786
536543
1552353
208867
1552357
515409
176105
897003
929775
1421296
274426
1552379
864253
372741
176134
307220
1519637
503831
1421338
351578
1323038
897060
1519658
1093675
1126444
1519670
962617
1552444
1519682
1552452
1028171
1159245
864337
1126483
831585
634979
1552484
241769
1519722
433511
536685
722963
274550
733308
864381
635007
1519748
709648
733321
1564003
1486988
1025520
1028244
1126551
1552541
569510
340138
1093803
957810
1093806
929976
569534
1388747
733389
274639
241873
340186
1487072
635106
667877
1519847
1192169
1159414
1126647
864505
438533
700684
373006
274703
45329
602389
1487132
1552672
766243
1296433
1547655
1126707
799029
12598
1454394
1519933
1519938
667972
471367
1552713
1519947
962905
897371
274782
1093983
1552742
1126759
1028456
831852
1487216
242033
1519986
1498515
536960
1520001
143748
1520015
864658
1520022
837700
1520028
1356190
799148
1520049
1552824
242116
1552843
1514915
531877
930276
1159656
799215
111088
1487353
1454591
111106
995846
832012
1356302
963087
1552912
340498
242197
134948
799492
700958
569890
635429
864809
995885
307762
274997
925108
1258046
13067
635471
537168
995922
602714
864860
78429
963173
1553003
1505098
1323629
897646
635507
1192567
701053
1553023
1520261
1520263
406295
1520277
1520278
1147511
635553
400838
471721
307886
766649
963258
340674
1553103
1389266
1127125
635611
1487584
1553124
275176
1553129
1553136
996085
307959
406269
1553150
1498581
275200
1291009
209707
307972
209669
209670
439051
537358
701203
1454871
1422104
537369
832282
1553182
1520423
275241
78635
963383
488245
537413
368097
1454926
313485
1553236
1520470
1531364
1454938
1192798
1487712
209763
805010
1028976
308081
865139
766837
471926
897912
701311
1553283
668550
701319
980274
1094544
1553298
1094551
215196
1516020
308148
1160119
897976
1487802
1547766
1127366
1323976
111569
1530206
832472
313508
1520602
1553375
1258468
996335
898033
1258494
1553408
46097
1422358
1061911
1291289
1061915
668706
1389604
1531398
767020
1127469
504879
570416
1553459
242743
1493172
309235
635970
832582
1389643
1537848
439378
341076
668759
537700
318993
1061993
242794
1553515
1553521
1553522
603252
1193086
1007125
739520
1520774
1455245
504974
1553552
1520792
144537
504987
799901
1389726
1553264
1389731
1553577
1356972
1520816
1198280
1520830
1553599
472257
1127286
275658
668876
996561
1559675
1193175
210140
406750
1553645
892456
1569663
870613
1389828
1160473
1553700
1520943
1291587
570692
1564214
1520969
1553740
1160527
243025
144722
646714
1553759
636257
734562
1422692
788251
1062250
1553772
1095024
837864
1553778
1553781
46456
1226105
701818
1357182
1389951
1226113
813348
13704
865673
1389967
1553819
1521053
1062302
275872
177570
1504156
1258939
1521089
1558774
1203788
1001306
40525
1553873
1521106
144851
1531470
1521110
144861
1521118
407007
519837
1521121
1553890
1127910
865771
1521133
439791
964085
833016
701952
1390082
898564
46598
177674
833039
570902
1488407
931356
1521185
1062435
1095213
1160750
1226288
1422905
964154
1160763
898620
1062461
308798
603712
1521217
1521223
46664
1553993
1357389
111758
308819
1520570
996966
243305
1324650
1357422
1554032
636529
210553
1411351
1488532
1554069
243352
13980
1357470
341665
833199
1521331
1554107
1324733
210625
1324739
1488589
407249
374483
145114
1012687
1521375
603872
964323
1521382
276200
931561
1554162
1521396
374520
1521408
538371
112389
712321
1423114
46864
341777
1062679
767773
702240
1554209
472873
281982
1554231
735036
1193791
1062722
433803
1274849
1259341
1547918
669527
1554264
407385
1029978
1357667
309099
1521520
1521522
685034
1259392
505729
1554313
341902
1554322
767893
1030038
1062819
964518
1292199
1554347
1095600
1521589
1488825
374716
931779
834804
1554378
636878
1128400
374738
505811
669656
1226713
243682
47078
1226730
800750
1521651
1161209
1547946
865280
309251
1521668
931852
374798
210960
1357855
899109
1521712
833590
1423420
1526795
679606
1390663
188087
1423441
1554523
1521758
768103
702575
1521781
768120
1521786
145531
1456255
453708
669836
1072834
1095822
407695
178321
1226903
637088
1030308
761543
374957
866482
145590
407736
1489083
1161407
1128642
1390798
1554640
145621
833751
1358041
506075
899293
112863
866530
768231
506089
538861
1194223
1161457
1416915
407796
145653
571638
525319
211203
1521924
1007599
538888
472108
1554698
1095951
1521940
1521941
996399
1456422
1227055
1554742
571706
997691
604492
1509775
997730
80237
375155
1030521
980032
1096066
932227
1325449
1390991
801169
1554835
965018
18842
702879
990961
866729
735658
932272
1554866
1391037
1194433
342472
1499956
1292752
1489367
1554906
1554914
1227243
1128941
477608
750675
1489401
1554938
670203
801277
309760
178690
1238927
1522185
1096207
1292820
997909
1536400
14875
1161770
1522221
965167
834101
375356
801355
1030734
1543355
1096283
1489502
1557540
1030753
1555056
47729
1522291
1493438
506486
47736
1400596
1522301
1161857
1555074
998021
1358470
1555092
1555094
1522329
965276
1498906
178850
1063587
80549
539303
1520754
965294
178865
1522354
965305
1063611
1103633
756170
309953
1555139
1522377
965323
1522380
1555153
1555156
47832
1489630
1555168
47844
932589
1391345
1489658
1522427
735996
1358591
1063682
1072939
1489669
375558
1161998
1162000
1293077
572182
178970
506661
1489702
113457
1227571
1555256
1194811
1129276
1056565
1522496
375617
703299
1325894
1522508
1555278
1325907
703316
1389710
375638
1227610
1162078
1522527
768867
1522537
965483
1129326
1522550
736119
244601
768891
1522557
80769
1162118
1531714
572303
1194900
1522583
539549
930971
965546
441265
1522611
703412
603294
637884
1129408
1129415
867275
1063884
1555410
1522644
1373348
1555429
1522663
1555433
1162218
474096
636073
1162239
1489921
146436
670726
637967
1031191
211993
801822
1522721
965668
1555495
1522728
1424425
1096747
834604
1063996
801855
1526283
1457226
1424462
310351
1096786
1555542
179292
1195111
310380
1522800
441460
113783
308415
1555583
375936
834693
703623
1083927
436968
343185
212115
1522837
703644
441502
1293473
703650
1096874
965808
81078
1522874
343236
1094860
670924
1555668
507093
998621
1555685
1162474
1522926
1490161
834802
1228020
441591
1555709
1555717
1490183
1424648
1490186
670993
1424670
1548166
310571
572716
1555757
310579
1522997
572726
1523005
113982
1523007
1195330
1195331
1555782
1326411
572755
1523029
638299
146783
1555814
1523051
1424751
1195377
1424754
1555829
933238
638327
343418
805439
1523072
1490305
1523074
1555849
1555858
540051
1160396
605594
1523099
998812
1424799
1490339
638373
474539
1490349
474542
892829
1523123
1031608
1133119
1384351
1523133
1523140
1523147
1001093
769490
638429
1490398
1523168
703971
1490404
1523180
835053
1555951
769520
1555953
1555954
1575507
1555958
1555974
605704
146956
1031697
1523219
671252
1228314
663473
15914
605740
638509
441903
619784
1195575
933439
1130053
1490511
1392209
1523282
1359452
507488
1564121
1529205
376425
1523311
1457785
605819
1261181
1556097
867976
1031820
1162896
736916
1062169
1556123
991173
835244
48816
179905
409282
1556163
376523
1523406
900819
966356
736984
999133
1490672
868082
1144105
278272
638725
147206
1490695
1195784
1163017
1523468
1261330
1163032
179995
1556254
51846
1064747
802605
376623
1031984
1556278
1144116
1556288
1523521
802639
1425234
1523555
671588
769905
1202966
704376
1032058
671616
1359748
1523590
999303
1195918
671636
1552558
638874
810991
278428
1523614
966559
1523616
1556392
1392554
1032107
1163181
1064882
212925
311231
442310
737223
376777
475084
376787
868313
1523675
1523676
737245
1209680
1490914
606184
1523691
540652
1523700
1359865
1490940
461482
1523710
1523712
409601
638978
1523715
442372
475149
1556495
1523733
933912
245786
999451
1523743
1556512
1466374
1261612
1032253
835652
114759
933961
442444
177506
1556565
704600
245849
1556571
1556580
1556582
213104
1458289
1523829
979293
1163383
835705
999546
1556603
1065092
1499158
868492
1523853
245908
966813
704671
1458339
540837
1491115
835767
147642
1556673
1362635
770246
442571
573644
573645
767352
344274
442586
901341
1523935
161148
835818
246003
344312
246012
1523967
1556736
803075
999687
835851
1163540
1294622
133851
966948
1098024
311596
963976
1032498
319539
1556790
1556792
966970
311615
639298
1556804
1524037
1294662
1261897
311629
1556814
999760
1524054
1524055
639325
999779
1524069
180587
737645
1556855
1556865
1556869
1261958
1524104
901535
311714
999847
843848
1524146
1229239
967098
1524155
278974
1130947
1032647
1458635
278992
592632
1327570
246230
1425880
147934
1556967
1524212
1196534
147968
967169
639492
188503
246293
213526
213528
1557017
1524255
311841
982778
803374
1229360
901682
377404
1524290
672323
1557064
1327691
901712
836181
508506
1524318
508532
737909
934521
1557116
508541
770686
574082
803464
344716
443022
1557140
1491606
1163927
82585
901788
1229471
967328
1196718
934582
1295034
1524414
1557185
1557187
344780
803534
1000143
548984
1557202
936739
1557206
49879
180959
1426146
213735
344811
115436
538066
1327854
148207
705264
901873
439763
1557236
1524469
1524472
17149
1327870
254081
279305
541450
1491727
1548419
1360660
1557273
672538
836384
148260
705324
1524526
1524530
1000245
738105
672571
1524542
1524543
1524545
705346
803659
1033042
1526586
836450
1000292
1459047
279401
1360747
1557357
508790
770948
574345
705419
1328012
1426318
1164177
1524626
1164188
1065915
1524700
705520
541682
1040553
181244
574465
279566
803858
443413
1491997
88962
1033249
574500
1553926
1295403
279603
1393716
1524789
1177097
1360954
1066054
17481
1557583
1098835
148569
1557597
640095
183142
214127
345201
738418
909502
869499
246910
902275
574596
574605
410766
17553
509075
1524886
672919
1393816
803993
1197212
607392
1033383
1553948
1066156
345268
1524917
967863
607419
279743
181440
379766
1557704
1459416
509145
396154
1056976
1328358
1000681
1393901
1524975
947752
1328371
1557748
1557751
509182
279807
620350
673029
738567
270551
1525010
1067908
673054
1000735
771372
345389
640308
1525060
804165
1033543
836945
1525076
640342
1000792
1557851
1525085
509280
1230179
1525093
1295719
410986
1557868
1099118
1548520
1000821
1197431
902520
751167
574847
570945
476556
804240
1557908
1459611
1525155
247208
1525162
1099182
50612
1000897
771524
247238
1328585
148938
1099215
1575843
1525209
280027
181724
1525220
181733
1164780
968177
1525234
378355
1492468
953257
706040
869890
1492483
1295895
1525273
1164827
1525281
673315
1000999
149040
1558065
640562
1525304
1099321
542267
723893
1492544
1558081
345666
214608
1537635
521828
206342
1132125
706144
312931
1001060
1558119
1394281
1066603
18028
771699
1558133
214656
542341
476808
1459850
1492624
214675
771735
149144
968346
1546733
1033887
870055
1328811
280243
1525428
1001141
1525430
640697
345788
83652
378566
18126
673487
1558224
1525459
444122
1001190
378601
771818
313067
575215
1525491
1197812
748029
1558275
1263372
935693
1051608
1361684
1034006
1525531
1263401
444202
1525550
870191
378673
1460019
1263422
313153
947852
1394512
1558353
1165140
640858
1525608
1525615
51062
1165180
1525634
177816
575383
1296281
1197984
772006
1329065
968620
1361843
1521310
411575
1558465
1230786
1361862
1525705
1001421
673743
1066960
844110
1492950
608219
1558492
1525725
903135
1558504
215024
706557
280581
1198086
1558535
706584
117764
1493020
18463
1132576
378917
1401181
1525809
182328
903227
1558595
1099844
1428492
706638
444496
215128
1394787
968804
870511
1558640
729448
51314
936051
1525877
1558646
1558651
1558654
379008
261398
641157
535272
1558670
18578
1558684
280738
1362971
936100
805030
1558697
1051677
1067188
608448
1231045
936136
292556
280779
1525973
674010
1558750
182497
1132776
116971
1165550
1270141
549460
1526004
1526006
1526008
1526011
1117226
1001726
1394944
805121
346373
477449
84235
805133
1067285
542998
1001751
543008
1034532
1100073
1231153
313650
1558836
1231167
1460546
870725
313671
837961
1493323
1329486
1132880
1526115
1558886
150588
706925
84337
1510462
346488
1425642
1558760
1558910
1166400
1558915
641412
1526149
1559617
1526159
936338
805267
706964
1526165
1461316
969114
84380
1526174
1526183
706984
674231
18874
1165758
117183
1133010
739805
876965
870884
182762
182764
215535
936436
1264119
412157
1559038
1559039
1100289
1559046
969227
379404
1493521
18963
510484
477733
1198630
772652
1526317
1100349
510526
1198655
1133122
608837
608842
1526348
412238
1559121
1526354
445539
543316
117342
1526369
805475
1067621
1559142
1526379
1034861
576111
1559168
510593
1559170
805510
117385
674444
1559181
739989
1198744
1559196
707229
1559199
1329830
1493677
412337
117427
1329846
1559234
215752
1559243
182988
1133264
1067730
1166459
1559274
215802
1559291
674558
1526529
576258
903939
183050
1100557
510735
871186
183060
1133336
1526554
1559324
1559328
805667
609062
84777
745949
1559344
314169
1461050
1231679
123425
1526604
1362767
281425
412503
314204
1526627
1002342
641901
915262
1559414
1526650
1559424
1526660
1526668
1067920
281501
379807
1362848
1035171
849734
1559462
1067944
609196
822429
1559473
1559476
1526711
838585
1559485
969663
87936
893431
1559514
1035227
1067997
412645
1019047
1526764
1166325
1499648
543748
1559557
1559563
281612
773137
1297435
1035292
85029
1494054
642089
707630
904239
1362993
281654
1472584
1461308
1559616
1526849
1428547
969796
1264710
1392932
969809
1526867
1002581
1068118
707673
674906
1363043
248940
1559666
1100916
871545
1363067
1526912
1526913
1559686
838798
707733
1100952
1428645
773286
642224
445619
1133752
969927
609480
1559756
1526990
904399
90659
806101
1559759
347358
1494239
642272
445665
969961
150765
412912
1232085
347393
1527042
1166595
511240
19734
1166620
838941
1494314
1559864
1559867
1264960
1428705
1527116
1559894
576855
249176
445789
675166
773180
281968
1527155
970101
249214
1559937
904429
363758
511382
1166753
1002920
751516
1232299
413106
1134003
1494468
1560005
839110
1434188
675277
413136
970196
1101274
871905
282084
970213
1560039
1232360
374695
1428983
839160
478713
1527291
85504
806407
73771
1363475
1523883
1134103
675352
1199647
1560097
577061
1499742
1035835
1560131
1527368
1199689
1527372
806479
96687
1560151
249436
1527393
1560164
380521
1363566
1527411
1106538
1396355
1560198
183944
1560204
1199761
1396377
282268
970401
347811
577189
708262
1167015
1560237
1183005
1461939
1199796
1560245
577206
1560258
708296
1527503
544464
1035985
1199827
446174
1560289
1068770
1494762
478959
112595
1560309
1003255
184059
1265405
544510
85760
708358
1068808
1036044
1527567
970512
118553
642844
1101597
1527590
1560359
1527597
1560366
1134386
1232691
839478
479042
708422
675663
839507
577364
446293
1527643
1560420
1396591
1036151
1303188
20349
675710
1560447
707904
1003394
1024662
151430
1521646
741270
1101719
1134489
1560477
1560478
806817
970660
1527725
1068975
544691
1167293
905151
1527749
1494348
1036236
1527765
1003482
20443
1560541
905184
1560546
1570817
1527781
1429482
1560564
217083
806910
1538084
217089
1134596
1167367
806924
282637
1532589
183640
348178
217107
446484
1495061
1265692
1462306
1527843
344389
1069097
1560619
1560622
446520
675898
1495532
577599
1560641
1265737
348235
1495116
708688
217174
1527895
1527903
479330
544869
1527912
1527917
1003631
1237694
544896
151681
1177677
1527945
1527946
446604
1527949
1560721
348306
1429658
315548
250013
1167519
1396080
20642
194587
828102
1265832
1396921
20670
1364160
1265858
381134
325667
839897
479454
1200361
20716
1110369
1134837
741622
1560824
512252
708862
1528063
446720
20743
1560841
397525
119056
1560857
348443
1560862
1560863
708896
905508
708906
1560875
1528108
1560899
1528136
1560911
1036624
1560914
1560917
217431
577887
1036642
1397093
1215889
1134958
676208
1560948
512374
1528197
512393
1528208
709013
86425
184731
840094
872863
1560992
1560993
20900
905643
1024754
1561009
1528245
1561019
512455
643531
30797
217557
1528280
283097
774621
86494
545258
578027
1233388
1069553
1528307
840182
53759
1528320
1364482
1135108
971272
610827
381463
447000
807457
1069612
315949
1528366
1462832
1200691
315958
938554
283198
578112
1495621
1341539
1299037
1528416
1052091
873064
1561197
1528434
53875
774772
1561206
1561210
1183167
840316
873088
807554
1466091
1397384
1561244
938654
217762
1528483
1233572
1495720
21163
1379784
938682
971457
1069763
1168069
414409
774873
938723
1561316
1561317
1561321
1561322
1331952
611058
283381
643830
1364733
1561349
1233671
480014
906006
774935
1341572
447259
1004318
1069863
185130
938799
1559934
1528633
1037124
611146
54091
1495889
119634
1561432
604303
1266527
742248
1561449
1495917
1149671
709488
1144979
578423
1037179
1528701
414590
1495938
676744
349065
1004428
1495949
1538203
1266599
1528744
906157
152494
611247
1004470
316346
1266619
1561534
1135552
1070017
232951
807885
1528782
347640
971739
1266652
1561567
906209
1528802
1528803
1561572
349158
1332207
676850
1364981
1528824
840704
513025
986625
21514
807947
480269
1528848
1561622
1496087
807962
316446
611364
218149
545835
1528892
1233981
971840
316483
358582
54343
1168461
382032
186211
1528928
1168481
283746
218212
1561701
1035793
283752
1528938
1168495
644217
1561723
1168510
1561731
316548
1561735
1561736
1528971
1336173
251024
382101
545942
1538244
1201333
971959
808129
1529026
1561795
873677
349397
1107129
1201374
1135839
742624
513251
1561828
1529061
1135849
120048
906481
1529085
1496319
644356
939278
1070358
21783
54559
1561888
873767
1521887
218433
1496393
841041
1135964
808288
316774
1529191
1117758
1529211
972168
972170
546194
1012207
480667
1529244
1365412
546214
1496495
1496499
1529273
1168833
153026
1554678
1562055
1529291
1562060
54735
841175
939481
1529307
1562078
1529313
1103330
1005028
415207
808427
1136111
1005048
1562106
1529340
349695
841216
1496578
757334
1562121
316939
1496596
644633
874018
1463845
841257
784647
644652
1103405
579118
1562159
1103412
906821
382534
349774
775761
1234516
712153
1562218
546422
644727
546430
841345
1562244
775816
1562252
1169038
1529488
218783
579234
382631
320455
1529523
1201847
87736
448185
677566
1398463
1562305
1529541
284358
775879
906952
743116
1070799
317139
1136340
1500110
1529562
1529564
644843
1496814
1562353
1496820
1562360
1538346
317187
1529617
874259
1529621
448278
939799
55072
743207
1005353
1529646
1005361
1234741
1543817
579385
55098
1529665
120642
1496900
382790
907088
1496915
55131
382819
631782
743285
1365878
1500137
1562490
1136512
1562498
691862
1562504
1529737
1418124
1562511
1529745
1496978
1038232
382874
1562523
1005474
1562531
1005478
1529772
208062
1202099
1038273
1038274
219077
998041
768332
1123319
907215
1497041
1529814
1038299
907231
153571
1234919
841707
284652
1562610
1562615
841720
1497084
1267711
940033
1267719
874504
888493
1529880
1497113
710682
1527471
1038366
320517
1497123
1234980
1529894
940073
1333292
1234989
579636
710713
350266
1398846
219199
1529922
448587
1497167
1366099
1497172
677981
1497182
972898
1529956
1497190
153707
1562733
1562734
284787
317556
1529978
847735
1398908
686442
1562752
1038465
1038471
841864
1497226
1333392
743573
1530009
1530012
1497245
1038494
1530015
883057
1562793
265931
1333445
1532961
1543884
1497290
1300683
1259921
1235154
121046
710872
710874
1038556
1530080
1267948
1464558
1235184
1497332
284920
1562877
1399038
1497344
1530117
121094
391553
1497353
645393
1169684
369710
1267994
1333537
186662
1202475
1497388
186672
22841
1530170
1530174
1071424
579906
416073
1497421
1005903
1366365
1562974
350564
1497445
1562983
1497448
806016
1104237
1497457
1497458
579957
711033
907643
612733
1497473
1137027
1038729
448917
711078
1497512
907691
809393
481714
1497523
1563064
612809
1497550
1516621
1563089
874964
1563100
1235427
842213
678376
55790
645615
514545
473513
1497594
145834
580096
1527552
285194
1071627
1563149
573611
1563158
547355
1530396
547357
1137182
1374640
1038882
1530406
1530407
645672
1235500
1497645
449070
1137200
121393
23094
1071673
973370
1530427
678460
3850
1104448
1071686
1330956
1301072
318033
1006167
88664
612894
1530460
809571
88694
907899
1563263
744064
1530498
1497735
1563274
613003
1530510
678543
842384
1366673
547479
1563289
1199900
973482
1533042
1497775
1137338
1530556
1563327
711365
383694
350930
1071829
678617
842460
613087
1465058
547558
514791
23277
56046
353406
613111
23300
1563397
1497866
1530641
711444
1530646
1170199
1530649
744219
1530652
1497886
23337
1170219
318253
383790
1301295
1563444
1497918
1563458
187207
1563464
711520
875361
580450
1534711
1497959
1571303
1497964
383854
58515
1563508
1465205
711545
514941
580482
1563523
1235846
964248
646032
1203089
1498007
1530776
888644
1530786
1039268
391666
1039278
646067
514996
1039287
285626
908219
252862
1563585
1137605
1498054
910498
383952
449496
1498077
1563615
1170403
1563625
777196
1498098
744435
220155
23553
908292
1498117
1268748
1235982
220176
23570
1006618
678948
1367086
678959
1563696
1072181
1563704
613434
973891
744517
187466
1530957
777297
1500345
688199
1498203
1530975
777315
1301609
1563754
187499
1334382
253040
711796
875638
1489429
1563777
1072259
711816
670231
744591
1498258
1563796
187541
1193628
1531033
1498267
973983
1268897
1072290
1554971
1498280
187563
1563826
548024
1498298
711873
1498307
1105095
1563853
646354
711891
1575292
646365
1465566
613601
351459
1563885
1498350
1199997
89331
943325
1531131
122108
679167
1531156
1367317
1531167
1498400
1498407
1563945
1563947
1551290
941360
1334580
1498421
953582
974139
1039676
1563968
877792
1498435
1498436
1531210
1236299
1498444
1498447
1563985
1563991
384345
1498458
1563997
1498463
253283
712037
1006951
351598
1531250
1531255
843128
810361
1156330
1498494
548227
446358
64065
1531274
757656
679315
744852
1498517
548248
646562
351659
1498541
1105328
679346
1498554
1221877
548293
1236427
1505869
187857
440910
976121
1498585
941534
777695
1576392
1538641
286205
581120
779520
1498626
1498630
122375
908811
1039887
1007121
1498644
1564181
1105437
351774
1007140
1039910
581162
1498667
1302060
1498671
56885
1039926
286266
1498686
1531458
1347510
1498696
1564235
1564236
843342
1564239
1007188
679510
1564249
187996
1189136
450153
286314
417388
351853
253550
155249
777852
1531521
876163
1531525
1531526
1236619
1171086
155283
1531542
1053664
1564315
515749
646823
1171114
810671
417457
1171126
1429449
1531576
1500447
1564349
1171138
253642
1171150
810704
1531602
1367772
1105630
1072869
1203945
843499
253680
1309310
1564410
1564422
1498888
188173
1302287
1498900
1564442
909085
473733
810784
220966
581417
1564458
1138475
122671
1531697
450354
1498937
1564474
188220
1498941
348128
548674
1566006
1498950
974664
1105738
1498961
1498965
1564507
888806
1269611
254264
843634
1498995
1489109
1531774
457365
1531778
1564554
614284
24469
1096345
974745
1269661
810910
122800
845128
1531827
942009
1172812
155594
1204173
1564624
647129
876515
1007588
417770
1260199
1564655
1564656
1564657
909299
679925
1531894
1211049
352253
1531902
1564675
1040390
1564682
823298
1335315
1040404
1400854
1138711
1564706
1531942
155690
1237035
122931
811060
1302582
24638
1302592
57410
1204296
682777
1302606
1007698
876627
352343
319576
811109
1499240
812391
1400942
1564789
1564792
1499263
1532033
712836
188552
712844
385172
24729
188575
1564836
938012
1532076
1564854
309961
549054
647365
1532104
1564874
516299
680140
1560611
1564886
1014479
1499356
1573144
1564896
981712
942310
24819
1564926
577579
1499397
57611
1040653
909589
1564956
418080
24866
1138980
1564970
1532203
195293
1532211
287031
1368376
1532224
1533323
155972
1270088
614730
1204558
1106259
1466709
1499483
1560634
1139038
1532255
1565028
745830
713064
1007979
1401202
1566100
1368442
1139067
1532285
1140117
221568
1204618
975249
168003
221588
1565077
1565079
385432
1499549
549285
1565099
614835
1565109
1532343
778685
1506037
315467
1533345
544844
877002
385487
1565137
1499602
1139156
713174
319965
1499624
418282
1565168
1565171
1499643
287230
877055
877056
614917
938071
1499661
1499668
1565215
1532449
1532451
877096
1106474
254514
287284
188982
746046
418375
549452
287309
1565268
1499736
1106525
713310
516703
1303136
1335907
156263
1513145
352874
1532523
1041004
25199
647794
351092
1335933
1499778
909955
1434247
1565323
1008275
1237652
1499798
647831
1499801
975517
812485
1499809
418477
942768
1401523
1401524
1106615
1499837
1565374
1499839
1499841
1499843
1565380
1499845
25286
1139400
975561
320207
910050
975587
1538854
58095
1565426
1565430
1532668
1041149
1532680
1098521
1499920
1499922
1368859
1139491
888967
1532716
1096499
1041204
1565494
156477
189246
1499967
942913
353092
1139525
975687
189256
189262
1270608
801592
1532756
1434453
1532758
1205081
910822
1500006
254823
1500008
1265810
811891
189313
1532808
1303433
25483
1336205
1565582
1565589
320415
1500065
943014
549799
254892
1500078
1041327
222128
1565618
517044
1565621
1532858
1008571
1139646
1118368
659617
648136
539468
1532878
599544
517074
713683
615380
746453
189398
123865
1532900
1565673
184488
1565687
1532923
1500156
582660
1522518
108034
353294
1500180
1500184
1532953
1500187
1096538
943134
1565729
1434658
713765
1565735
91182
1205305
1500222
1533002
1533005
943189
1500250
222299
1401958
196168
1172585
1107053
1533039
484466
1500275
1500278
1565816
681084
255101
943230
615552
910468
1533062
1500299
1008783
746643
484501
1565858
353446
353453
1566238
1565881
1238203
943292
189629
1172673
1500363
189986
1020109
1270994
1565909
517336
320731
1107165
1303774
1107168
910563
1500388
1565925
1205480
1074411
1369324
517366
1336569
1565946
1565951
1107200
910594
1565955
1139973
1074438
681224
1500429
1565966
255249
1500435
1565974
1107228
484638
1533215
386347
714033
1500466
1500467
517430
1533241
353599
58689
1205571
1107269
877896
1041740
615993
1041754
550236
615773
1238369
1566055
353642
370237
255347
1500535
583034
910717
419210
1500555
1205644
1353282
583060
714133
484762
386465
1140142
746929
1226206
1533373
386501
222665
484811
812492
676088
1402324
1074650
4346
1140304
943586
1533412
1566182
746986
812528
1140220
943701
1500681
419342
1533470
255521
1533474
1577222
517672
1566250
1566253
910898
615988
1517150
1566265
1533499
1533507
321101
1566288
910933
1500767
1533536
184592
1533548
1533550
1566325
1500793
1107578
124544
255629
1468051
242014
1533589
59030
1042071
779930
1009315
938977
1107624
1337001
1042091
779948
1500846
1500848
714423
157379
222917
1238735
452306
1009366
419544
812770
1042153
1500906
1577255
616174
1402608
1566449
321267
354039
1500929
1271556
1074955
255758
1500949
64473
812825
1566495
321316
1500972
1402669
255793
616242
1337139
1566517
223034
1533757
157506
1206087
321353
26443
1533776
1501012
681818
1337179
1566559
190305
1304421
1566567
943978
321387
1184061
714609
91796
616316
1501058
747396
1566597
812934
485255
1075080
1533837
878478
1173391
747410
911254
1566622
1107873
1566627
780200
1517212
239262
387000
321465
1566652
747455
1533888
1501134
1009618
714708
1533909
845787
1566687
1107937
288740
845801
1501167
1501170
157685
59382
1566712
1566715
1075198
845828
1533966
354321
1075224
1566745
1337372
1533981
256030
91824
682018
1566755
1129478
457735
813104
845876
1534012
1534014
747587
1239109
1501255
1534026
1238711
419916
1501264
485462
1501279
419936
1436346
321636
157798
649320
545127
1566830
59503
1501296
26742
583804
682123
190606
1566870
616602
1501339
485539
1239205
649384
1304747
1042605
813230
1506333
354482
1566903
288954
1566907
59585
321730
1403075
1534151
682184
420042
1501388
1534160
911572
846038
1129508
1566941
157920
1566951
1468649
1501418
911595
1534196
1506345
616702
1042688
157961
878868
1534237
1394269
846116
420135
616748
1501491
1141047
387385
1025468
583996
1239364
1337676
228408
1567059
976368
485720
1567070
1108321
682343
420200
1567082
977260
616169
1534328
1555519
1534338
1501571
616836
1206661
1304977
1200537
289180
223649
1403298
1560987
1534376
1141163
1534385
944568
1006923
911803
158148
420293
987553
1305036
1567181
813520
518614
1206744
1173981
1567198
813540
1567207
1567216
551410
1567219
1534453
1567226
1567228
1501693
1501695
1009409
1272331
1567244
944656
1501714
1501716
1174038
944663
1534488
1174043
748060
1403422
420398
1534521
1501758
1043007
1501763
1234974
485968
1174099
1174100
223829
490596
1501786
846439
879209
551531
1010285
1272430
1043056
1567345
60022
1141374
1501823
846467
1534602
420498
944787
1108631
1534620
125599
322212
846504
1534633
60086
1501882
1567423
1025481
1561035
912073
715468
617170
1469140
1511886
348623
191204
1091368
453363
1010423
289531
1567486
1567489
1334273
1534728
1402668
883842
1207058
977686
289561
1534749
1567519
1501989
1501993
355114
1338155
617269
125750
1403710
846655
944960
715587
206648
1502034
650067
256857
519003
781152
1397475
1567594
322417
879474
1141619
1239924
322427
1502076
1069546
1403777
1502084
912265
486285
1436560
453523
486292
1239957
1239959
453529
1534879
1207204
1561073
1567657
1043370
1043374
715699
355253
486326
682946
420803
814023
1076169
1502161
1469397
1240022
1108959
1566544
1534946
1076195
1502182
879594
125933
1534958
1534960
519153
1536485
1413630
1436662
1534972
191485
191487
1534979
912388
683013
453638
1502225
977938
1567767
1272860
977950
453663
551968
1567778
1567781
1240111
1567792
257074
781365
1502262
1338430
1502275
1553601
1174604
257101
813815
1535058
1535060
1502297
1043547
945246
257119
1535072
1207393
683109
387184
289898
1141877
1567864
879737
814212
978054
1069591
1502356
1522884
257180
1174686
879776
1338530
1338532
519339
1404082
1240244
453813
1326281
388285
683205
1436870
1535176
638156
1567949
27859
1567966
879839
421089
1544742
1207529
1273068
1535217
1567988
1567990
519416
1305849
1535227
1076476
158975
1043712
1240324
27910
1568007
1502474
912657
1371411
1568022
60697
1010971
60702
1535265
355619
1174824
1142057
944007
1568046
1535280
1568054
1371453
1502531
617802
264985
1535310
388431
1502545
617810
879956
1568085
847190
748888
355674
59279
93534
1076585
879980
1502574
945520
781694
217664
1568135
1535371
1338764
60816
945554
60819
1195246
290199
912793
617885
1557977
1306020
355758
1502642
1207732
376052
1568192
978369
1506550
1568198
978377
683472
1109459
1568212
1217102
978391
1207771
1568227
93670
159217
290291
191989
1501097
519674
1142272
1207810
1568261
617990
1568263
1568265
1011225
978459
1502756
70236
1568304
1371699
224820
912952
1044025
1535546
1568316
1535555
1568331
1535564
1535566
321464
880216
1371737
1502810
1568348
192095
683618
1175150
1437296
61046
355959
1502850
487044
159365
1568392
332396
1502858
519827
529006
749206
1568413
1535655
302095
880300
1299059
1109684
1535672
1568443
1568444
1011402
814799
1240784
1535698
454355
1533902
1502935
650970
1142491
978653
1044197
119420
228647
1011437
618226
716536
388858
257789
552703
1568518
651025
1568533
1371926
1044249
290590
1129779
487224
1404733
1129782
1535817
1503051
520013
1503057
1339221
1503068
520029
192350
1011552
946020
651109
1535853
1044338
356214
257911
913273
388986
257917
552839
1550316
1094263
1568652
1568655
1523011
1077142
1375558
1568679
1577628
126894
520124
1372095
421826
1011661
585681
1306578
1568727
1109982
225248
1503202
815076
1568746
1077228
1568750
1097043
1568756
1339385
1142778
552955
487422
1110020
1536007
520201
93701
815120
1437714
290838
1503256
356379
1555803
1339431
1339435
159791
1536050
669819
1536052
1306678
1077305
802143
1273918
1536066
1568843
1536078
1568849
94292
1372247
520282
487517
421983
847968
553057
782436
1405046
1568891
1044604
1503361
848004
1348289
454798
946334
1568929
422050
1044643
1077418
1536179
1239070
578249
389305
1503420
1536191
1568964
422087
815306
1568971
1011922
291030
618720
1359227
1536230
1077493
684285
1143042
553227
1536268
1569046
1503512
1569056
586017
1569058
553251
665649
1044780
1503542
1274168
1110329
1405244
1569085
1569092
946501
1339718
192843
979277
1569103
1536337
487762
1004259
29012
1146254
1012061
1569119
1503585
1515455
1569126
160103
1503601
48531
717178
1536383
1536384
1569168
1569170
586132
1044885
651672
1503643
356769
1143203
1175973
1577713
1208744
520617
1274282
291243
873202
127409
160178
1577715
1569210
1031583
337994
782782
717253
192970
717259
1536461
1569230
782801
881112
1044955
1577723
1339876
356837
1569263
389624
619002
1143291
913926
1577655
324113
1569298
1569300
979478
651805
61982
1569313
1503778
481070
927836
1536554
1405484
1110576
520753
1118985
1503809
1503816
62025
1569354
1503822
1405521
914003
946775
213745
1110621
1339998
206949
881250
1566822
1077862
1405546
1045103
1208944
291216
422519
881279
1438338
553607
1577751
389772
1539522
651919
127632
29329
1565657
1569430
1569431
557453
881308
619165
1569441
815789
914098
758222
488123
62141
1569472
1503937
1569474
1536715
1241819
1569501
1536735
684768
1241825
1307362
160488
1176303
1569526
226042
512810
911720
1340164
652038
1045261
1078035
422683
1569577
1577778
389936
15838
1405758
1340233
881494
1209177
947036
1536866
1539558
1143657
979818
1529657
1569649
1209202
1438579
160629
1504120
815997
947071
226179
1569668
174231
1012623
947088
1536913
1373079
1045404
1438629
817151
291754
717746
324543
193473
29634
521160
1569743
193488
1569748
357342
455648
685025
947175
1537002
1537003
619500
1517736
947189
567465
685048
324602
619520
1078278
697130
1537036
485549
881681
618428
1545050
1176606
1405986
1078308
488488
62507
1242156
1504307
1373236
259127
1143864
1569849
62524
29760
193605
226387
1111129
947303
1012840
980077
1397608
1537138
1569907
1539604
1537153
750731
1504400
1569939
1569941
1537174
392729
1569946
783515
1555994
1069471
1143967
619681
62628
1569961
357547
1176753
758643
1438901
1504442
1406139
1569988
128204
1570000
1307870
1566928
947426
1209571
947428
1570021
95465
1537258
357614
1570031
1504497
1045750
1373435
1209596
390399
619783
1537288
1209609
619799
1037572
390440
1537321
1013036
1537326
960733
1537328
1119112
259378
1209652
1111352
1570109
62783
914755
1176900
1570120
1299340
1537358
62799
1570128
554342
1570156
1504635
488828
292223
783746
1013125
1537416
1570186
619922
1013140
1307085
1242525
685472
652715
1177009
554418
325045
308702
698612
1570236
1375818
1144255
652737
1539659
1288438
947654
1537503
1572432
1570281
1340914
1570293
1570294
652792
1184682
1111558
1386753
226825
1046026
1570323
947734
30232
226845
1570344
1537577
652847
1570357
1013304
943744
1534975
292415
1078848
816705
161347
882244
521799
1537611
685650
1213254
259669
1184697
1177178
620123
161375
1111651
620132
194152
1013356
1537645
718449
325235
1570420
1504893
1504894
1504902
292491
259724
1504912
1210002
1570454
1570455
1556079
1548942
620192
1537698
1386779
30379
947888
816821
1046199
95929
1504960
1504962
259781
30406
653004
1537742
259795
1534244
30433
1439459
259814
685799
227048
1570538
387367
1146494
1570553
981940
1325646
1079039
1570561
1406723
1576439
1537801
1505040
30482
1242900
1537817
30493
1308448
1505057
161571
980773
1505074
983033
685876
1537846
1144632
554810
1570619
1505085
1505086
1406785
816962
1570630
1570631
1111881
653130
529378
1505106
1242723
63320
1537885
653155
1570675
1537913
1111936
718724
1406853
1570694
1243018
30604
1570705
1537939
948124
325533
882590
1537951
54485
784293
817064
1505195
916322
1537969
1570754
371019
1505222
686025
292812
718798
1505232
21496
1046486
1538012
1538013
194527
489441
260066
522221
1505262
554994
1570806
620541
911701
283648
1505282
489476
611329
1538060
260109
1341455
1013777
1538068
718872
63514
1538075
966320
784419
1046564
1046571
1275953
522290
161853
616801
1570888
1505355
1013836
1570893
981073
1538134
489559
1112155
882783
1505377
1570914
948323
1550694
1210472
1570926
981105
260212
1578004
718970
30844
1272170
1112190
1243263
292992
1570948
358533
751751
948364
147138
1112211
1243284
948377
882843
30879
325792
1538212
293029
161959
1341608
1545244
1528862
1177782
1538234
1505476
1013957
686280
489678
1539789
27000
817364
1243351
1112287
1571042
1013987
850150
227560
1210601
1538287
1505524
1571063
1571066
1112315
96509
1341703
1571083
1177872
751889
1304963
1571093
1308953
620838
1571114
358705
1472819
948537
63802
31037
1315893
1407298
1145159
1571145
948558
1538388
703981
1014108
1571168
1210728
1538409
162154
1341808
1046897
1243506
1210739
1046900
1341815
489853
349248
1341827
588166
1341832
1571209
326028
1014159
906307
752021
1505686
1571224
1046947
1538468
227753
1407404
915885
391599
883120
857162
1505726
1309125
883142
1538503
1523447
784853
162262
895396
1178074
1571291
555485
873552
1112551
31208
1079785
31218
850426
63998
227845
719379
1276437
1556992
1407520
1538594
1374760
31274
1178160
1505842
1505849
1186009
227901
1567636
1571397
981574
1374792
162377
653898
1505867
906338
1145423
1571409
588370
490067
813498
1079902
1374820
948846
1538676
1276535
1178235
1505916
1342078
1047169
1178254
785042
1112725
260759
354756
96923
96933
883366
1578097
1505961
948907
1047212
1571503
1571505
883379
1538740
1571516
719554
551372
195274
1571531
1538765
1178319
1276624
698830
1145559
1578106
1506028
1178350
1112821
686841
1178362
1506047
459323
916227
785157
326407
1211144
1538825
1309450
785170
785171
1510082
1178405
1243942
1571627
578696
686904
1014590
1538880
1506114
195396
1112905
1243984
752468
1571670
1359673
1506139
1178466
949093
949095
1086610
850799
1080185
719738
1539903
686974
1152149
1145731
195461
1408833
129929
1226392
162702
195475
981916
1014692
1506217
1511178
818100
1539000
752569
549893
1375169
424906
1550839
1539020
64467
785364
949205
916438
1047513
1342427
1571804
1129267
719845
1571816
293868
1211375
523251
1145849
1342458
359427
1571847
1539080
855412
949260
392210
1539096
1506332
883741
1571871
1539109
1539110
261160
654377
982058
1513365
1539134
1578166
1408071
1375304
195659
1506386
1539159
293979
588895
1145952
1014881
654435
1211492
326762
1145963
949357
1047666
1211509
1539199
720002
545986
454774
1539217
31894
1506457
1571994
1571995
687261
1539230
359587
949417
359594
720050
588983
1539277
261326
1506516
261337
195803
1047775
1297327
1572077
1047792
1015025
621811
1113333
359670
228603
589055
949508
1047813
1217751
841236
752917
1473814
261404
949534
1539973
163105
720167
1146154
425268
163134
1015103
1572160
1342790
621895
1572171
1539407
655246
1408342
1501753
720220
1244509
294240
1351888
1539441
1572211
1539444
1174078
884087
1572231
1572232
1572238
458134
228767
97698
1047972
1277350
1015222
359865
968904
835488
1506754
163268
622026
1539534
490961
1211860
1545465
1212227
1169673
1048029
1117299
1572325
523750
949737
1572333
1506803
1539572
720375
392696
196089
1563572
540586
32264
425483
1572365
392724
785942
884249
818731
359980
32301
32309
1539641
261692
425534
949823
1408581
1539656
884298
917067
294477
851536
1310295
1474138
1179227
196190
1408609
261732
1113709
1113722
1146492
1506942
982655
851599
1506961
261781
1506971
982685
1343139
392875
196269
1408698
1496351
884412
97981
1539775
589506
917190
982731
786124
62184
1572559
883371
851676
851681
1572578
622307
1153315
1507052
655087
1244914
1539827
1539831
851706
577199
458495
261888
32514
982791
196363
1539856
1146641
1569906
261913
589595
98078
1376037
851750
1441576
884528
1179442
1277754
1212383
32575
950081
950083
1485452
1507147
294733
196431
1539923
229204
524127
1507168
687975
160391
1507183
1212274
1507187
1572726
917369
589696
1572740
1572741
1015689
327566
1310610
1572758
1572759
819096
1507230
1310633
1015727
1114038
841033
393145
879263
950210
884677
753606
1540042
884686
294871
1572826
1507291
764581
753635
1048551
622570
1146863
813737
1572856
464212
229373
1114110
131071
